Value : 0.393982808023 
Rooms : 0.279036827195 
Location : 0.62447257384 
Cleanliness : 0.419034090909 
front desk : 0.400843881857 
Service : 0.392351274788 
Business service : 0.308823529412 
