Value : 0.621983914209 
Rooms : 0.512032085561 
Location : 0.777108433735 
Cleanliness : 0.763368983957 
front desk : 0.568 
Service : 0.716 
Business service : 0.42987804878 
