Value : 0.20938215103 
Rooms : 0.408071748879 
Location : 0.42246835443 
Cleanliness : 0.451576576577 
front desk : 0.40923566879 
Service : 0.3875 
Business service : 0.2734375 
